image_width: 640
image_height: 480
camera_name: world_to_cam_1
camera_matrix:
  rows: 3
  cols: 3
  data: [1066.01844,    0.     ,  300.32019,
            0.     , 1068.37404,  235.42159,
            0.     ,    0.     ,    1.     ]
distortion_model: plum_bob
distortion_coefficients:
  rows: 1
  cols: 5
  data: [-0.117272, 2.996853, 0.000220, -0.011057, -22.742781]
projection_matrix:
  rows: 3
  cols: 4
  data: [-0.06231,  0.78536,  0.61589, 13.15733,
          0.998  ,  0.0426 ,  0.04665,  1.43349,
          0.0104 ,  0.61757, -0.78645,  6.20504]
single camera reprojection error (mean squared):
  data: 0.23064712215628463
stereo reprojection error (mean squared):
  data: 0.3822677852778425
